/*--------------------------------*- C++ -*----------------------------------*\
  =========                 |
  \\      /  F ield         | OpenFOAM: The Open Source CFD Toolbox
   \\    /   O peration     | Website:  https://openfoam.org
    \\  /    A nd           | Version:  dev
     \\/     M anipulation  |
\*---------------------------------------------------------------------------*/
FoamFile
{
    format      ascii;
    class       cellSet;
    location    "constant/polyMesh/sets";
    object      heatSourceZone;
}
// * * * * * * * * * * * * * * * * * * * * * * * * * * * * * * * * * * * * * //


8568
(
150 
151 
152 
153 
154 
155 
156 
157 
98492 
98493 
98494 
98495 
98496 
98497 
98498 
194 
98499 
195 
98500 
196 
98501 
197 
98502 
198 
98503 
199 
98504 
98505 
98506 
98507 
98508 
98509 
98510 
98511 
98512 
98513 
98514 
98515 
98516 
98517 
98518 
98519 
98520 
98521 
98522 
98523 
98524 
98525 
98526 
98527 
98528 
98529 
98530 
98531 
98532 
98533 
98534 
98535 
98536 
98537 
98538 
98539 
235 
98540 
236 
98541 
237 
98542 
238 
98543 
239 
98544 
240 
98545 
241 
98546 
242 
98547 
243 
98548 
244 
98549 
245 
98550 
246 
98551 
98552 
98553 
98554 
98555 
98556 
98557 
98558 
98559 
98560 
98561 
98562 
98563 
98564 
98565 
98566 
98567 
98568 
98569 
98570 
282 
283 
284 
285 
286 
287 
288 
289 
290 
291 
292 
293 
329 
330 
331 
332 
333 
334 
335 
336 
337 
338 
339 
340 
341 
342 
98662 
98663 
98664 
98665 
98666 
98667 
98668 
98669 
98670 
98671 
98672 
98673 
98674 
98675 
98676 
98677 
98678 
98679 
98680 
98681 
98682 
379 
380 
381 
382 
383 
384 
385 
386 
387 
388 
389 
390 
391 
392 
98697 
98698 
98699 
98700 
98701 
98702 
98703 
98704 
98705 
98706 
98707 
98708 
98709 
98710 
98718 
98719 
98720 
98721 
98722 
98723 
98724 
98725 
98726 
98727 
98728 
98729 
98730 
98731 
98732 
98733 
429 
98734 
430 
98735 
431 
98736 
432 
98737 
433 
98738 
434 
98739 
435 
98740 
436 
98741 
437 
98742 
438 
98743 
439 
98744 
440 
441 
442 
98751 
98752 
98753 
98754 
98755 
98756 
98757 
98758 
98759 
98760 
98761 
98762 
98763 
98764 
98765 
98766 
98767 
98768 
98769 
98770 
98771 
98772 
98773 
98774 
98775 
98776 
98777 
98778 
98779 
98780 
98781 
98782 
98783 
479 
98784 
480 
98785 
481 
98786 
482 
98787 
483 
98788 
484 
98789 
485 
98790 
486 
98791 
487 
98792 
488 
525 
526 
527 
528 
529 
530 
531 
568 
569 
570 
571 
572 
573 
574 
99021 
99022 
99023 
99024 
99025 
99026 
99027 
99028 
99029 
99030 
99031 
99032 
99033 
99034 
99049 
99050 
99051 
99052 
99053 
99054 
99055 
99056 
99057 
99058 
99059 
99060 
99061 
99062 
99063 
99064 
99065 
99066 
99067 
99068 
99069 
99077 
99078 
99079 
99080 
99081 
99082 
99083 
99084 
99085 
99086 
99087 
99088 
99089 
99090 
99091 
99092 
99093 
99094 
99095 
99096 
99097 
99098 
99099 
99100 
99101 
99102 
99103 
99104 
99105 
99106 
99107 
99108 
99109 
99110 
99111 
99112 
99113 
99114 
99115 
99116 
99117 
99118 
99119 
99120 
99121 
99122 
99123 
99124 
99125 
99126 
99127 
99128 
99129 
99130 
99131 
99132 
99140 
99141 
99142 
99143 
99144 
99145 
99146 
99245 
99246 
99247 
99248 
99249 
99250 
99251 
99252 
99253 
99254 
99255 
99256 
99257 
99258 
99259 
99260 
99261 
99262 
99263 
99264 
99265 
99273 
99274 
99275 
99276 
99277 
99278 
99279 
99280 
99281 
99282 
99283 
99284 
99285 
99286 
99413 
99414 
99415 
99416 
99417 
99418 
99419 
99595 
99596 
99597 
99598 
99599 
99600 
99601 
99602 
99603 
99604 
99605 
99606 
99607 
99608 
99623 
99624 
99625 
99626 
99627 
99628 
99629 
99630 
99631 
99632 
99633 
99634 
99635 
99636 
99637 
99638 
99639 
99640 
99641 
99642 
99643 
99644 
99645 
99646 
99647 
99648 
99649 
99650 
99700 
99701 
99702 
99703 
99704 
99705 
99706 
99707 
99708 
99709 
99710 
99711 
99712 
99713 
99767 
99768 
99769 
99770 
99771 
99772 
99773 
99774 
99775 
99776 
99777 
99778 
99779 
99780 
99781 
99782 
99783 
99784 
99785 
99786 
99787 
99788 
99789 
99790 
99791 
99792 
99793 
99794 
99795 
99796 
99797 
99798 
99799 
99800 
99801 
99802 
99803 
99804 
99805 
99806 
99807 
99808 
99809 
99810 
99811 
99812 
99813 
99814 
99815 
99816 
99817 
99818 
99819 
99820 
99821 
99822 
99921 
99922 
99923 
99924 
99925 
99926 
99927 
99928 
99929 
99930 
99931 
99932 
99933 
99934 
99949 
99950 
99951 
99952 
99953 
99954 
99955 
99956 
99957 
99958 
99959 
99960 
99961 
99962 
100068 
100069 
100070 
100071 
100072 
100073 
100074 
100075 
100076 
100077 
100078 
100079 
100080 
100081 
100082 
100083 
100084 
100085 
100086 
100087 
100088 
100089 
100090 
100091 
100092 
100093 
100094 
100095 
100096 
100097 
100098 
100099 
100100 
100101 
100102 
100103 
100104 
100105 
100106 
100107 
100108 
100109 
100215 
100216 
100217 
100218 
100219 
100220 
100221 
100222 
100223 
100224 
100225 
100226 
100227 
100228 
100229 
100230 
100231 
100232 
100233 
100234 
100235 
100236 
100237 
100238 
100239 
100240 
100241 
100242 
100243 
100244 
100245 
100246 
100247 
100248 
100249 
100250 
100251 
100252 
100253 
100254 
100255 
100256 
100257 
100258 
100259 
100260 
100261 
100262 
100263 
100264 
100265 
100266 
100330 
100331 
100332 
100333 
100334 
100335 
100336 
100360 
100361 
100362 
100363 
100364 
100365 
100366 
2105 
2106 
2107 
2108 
2109 
2110 
2111 
2112 
2149 
2150 
2151 
2152 
2153 
2154 
100465 
100466 
100467 
100468 
100469 
100470 
100471 
100472 
100473 
100474 
100475 
100476 
100477 
100478 
100493 
100494 
2190 
100495 
2191 
100496 
2192 
100497 
2193 
100498 
2194 
100499 
2195 
2196 
2197 
2198 
2199 
2200 
2201 
2237 
2238 
2239 
2240 
2241 
2242 
2243 
2244 
2245 
2246 
2247 
2248 
2284 
2285 
2286 
2287 
2288 
2289 
2290 
2291 
2292 
2293 
2294 
2295 
2296 
2297 
2334 
2335 
2336 
2337 
2338 
2339 
2340 
2341 
2342 
2343 
2344 
2345 
2346 
2347 
2384 
2385 
2386 
2387 
2388 
2389 
2390 
2391 
2392 
2393 
2394 
2395 
2396 
2397 
2434 
2435 
2436 
2437 
2438 
2439 
2440 
2441 
2442 
2443 
100766 
100767 
100768 
100769 
100770 
100771 
100772 
100773 
100774 
100775 
100776 
100777 
100778 
100779 
100780 
100781 
100782 
100783 
100784 
2480 
100785 
2481 
100786 
2482 
100787 
2483 
100788 
2484 
100789 
2485 
100790 
2486 
100791 
100792 
100793 
100794 
100795 
100796 
100797 
100798 
100799 
100800 
100801 
100802 
100803 
100804 
100805 
100806 
100807 
100808 
100809 
100810 
100811 
100812 
100813 
100814 
100815 
100816 
100817 
100818 
100819 
100820 
100821 
100822 
100823 
100824 
100825 
100826 
100827 
2523 
100828 
2524 
2525 
2526 
2527 
2528 
2529 
100836 
100837 
100838 
100839 
100840 
100841 
100842 
100843 
100844 
100845 
100846 
100847 
100862 
100863 
100864 
100865 
100866 
100867 
100868 
100869 
100870 
100871 
100886 
100887 
100888 
100889 
100890 
100891 
100892 
100893 
100894 
100895 
100896 
100897 
100898 
100899 
100907 
100908 
100909 
100910 
100911 
100912 
100913 
100914 
100915 
100916 
100917 
100918 
100919 
100920 
100921 
100922 
100923 
100931 
100932 
100933 
100934 
100935 
100936 
100937 
100938 
100939 
100940 
100941 
100942 
100943 
100944 
100945 
100946 
100947 
100948 
100949 
100950 
100951 
100952 
100953 
100954 
100955 
100956 
100957 
100958 
100959 
100960 
100961 
100962 
100963 
100964 
100965 
100966 
100967 
100968 
100969 
100970 
100971 
100972 
100973 
100974 
100975 
100976 
100977 
100978 
100979 
100987 
100988 
100989 
100990 
100991 
100992 
100993 
100994 
100995 
100996 
100997 
100998 
100999 
101007 
101008 
101009 
101010 
101011 
101012 
101013 
101014 
101015 
101016 
101017 
101018 
101019 
101020 
101021 
101022 
101023 
101024 
101025 
101026 
101027 
101028 
101029 
101030 
101031 
101032 
101033 
101034 
101035 
134505 
134506 
134507 
134508 
134509 
134510 
134511 
134512 
134513 
134514 
134515 
134516 
134517 
134518 
134533 
134534 
134535 
134536 
134537 
134538 
134539 
134540 
134541 
134542 
134543 
134544 
134545 
134546 
134547 
134548 
134549 
134550 
134551 
134552 
134553 
134554 
134555 
134556 
134557 
134558 
134559 
134560 
134561 
134562 
134563 
134564 
134565 
134566 
134567 
134568 
134569 
134570 
134571 
134572 
134573 
134574 
134589 
134590 
134591 
134592 
134593 
134594 
134595 
134596 
134597 
134598 
134599 
134600 
134601 
134602 
134603 
134604 
134605 
134606 
134607 
134608 
134609 
134610 
134611 
134612 
134613 
134614 
134615 
134616 
134617 
134618 
134619 
134620 
134621 
134622 
134623 
134624 
134625 
134626 
134627 
134628 
134629 
134630 
134631 
134632 
134633 
134634 
134635 
134636 
134637 
134638 
134639 
134640 
134641 
134642 
134643 
134644 
134645 
134646 
134647 
134648 
134649 
134650 
134651 
134652 
134653 
134654 
134655 
134656 
134657 
134658 
134701 
134702 
134703 
134704 
134705 
134706 
134707 
134708 
134709 
134710 
134711 
134712 
134713 
134714 
134729 
134730 
134731 
134732 
134733 
134734 
134735 
134736 
134737 
134738 
134739 
134740 
134741 
134742 
134743 
134744 
134745 
134746 
134747 
134748 
134749 
134764 
134765 
134766 
134767 
134768 
134769 
134770 
134771 
134772 
134773 
134774 
134775 
134776 
134777 
134778 
134779 
134780 
134781 
134782 
134783 
134784 
134785 
134786 
134787 
134788 
134789 
134790 
134791 
134792 
134793 
134794 
134795 
134796 
134797 
134798 
134799 
134800 
134801 
134802 
134803 
134804 
134805 
102731 
102732 
102733 
102734 
102735 
102736 
102737 
102738 
102739 
102740 
102741 
102742 
102743 
102744 
102745 
102746 
102747 
102748 
102749 
102750 
102751 
102752 
102753 
102754 
102755 
102756 
102757 
102758 
102759 
102760 
102761 
102762 
102763 
102764 
102765 
102766 
102767 
102768 
102769 
102770 
102771 
102772 
102787 
102788 
102789 
102790 
102791 
102792 
102793 
102794 
102795 
102796 
102797 
102798 
102799 
102800 
102801 
102802 
102803 
102804 
102805 
102806 
102807 
102808 
102809 
102810 
102811 
102812 
102813 
102814 
102815 
102816 
102817 
102818 
102826 
102827 
102828 
102829 
102830 
102831 
102832 
102833 
102834 
102835 
102836 
102837 
102838 
102839 
102840 
102841 
102842 
102843 
102844 
102845 
102846 
102847 
102848 
102849 
102850 
102851 
102852 
102853 
102854 
102855 
102856 
102857 
102858 
102859 
102860 
102861 
102862 
102863 
102864 
102865 
102866 
102867 
102868 
102869 
102870 
102871 
102872 
102873 
102874 
102875 
102876 
102877 
102878 
102879 
102880 
102881 
102882 
102883 
102884 
102885 
102886 
102887 
102888 
102889 
102890 
102891 
102892 
102893 
102894 
102895 
102896 
102897 
102898 
102899 
102900 
102901 
102902 
102903 
102904 
102905 
102906 
102907 
102908 
102909 
102910 
102911 
102912 
102913 
102914 
102915 
102916 
102917 
102918 
102919 
102920 
102921 
102922 
102923 
102924 
102925 
102926 
102927 
102928 
102929 
102930 
102931 
102932 
102933 
102934 
102935 
102936 
102937 
102938 
102939 
102940 
102941 
102942 
102943 
102944 
102945 
102946 
102947 
102948 
102949 
102950 
102951 
102992 
102993 
102994 
102995 
102996 
102997 
102998 
102999 
103000 
103001 
103002 
103003 
103004 
103005 
103006 
103007 
103008 
103009 
103010 
103011 
103012 
103013 
103014 
103015 
103016 
103017 
103018 
103019 
103034 
103035 
103036 
103037 
103038 
103039 
103040 
103041 
103042 
103043 
103044 
103045 
103046 
103047 
103048 
103049 
103050 
103051 
103052 
103053 
103054 
103055 
103056 
103057 
103058 
103059 
103060 
103061 
103076 
103077 
103078 
103079 
103080 
103081 
103082 
103083 
103084 
103085 
103086 
103087 
103088 
103089 
103090 
103091 
103092 
103093 
103094 
103095 
103096 
103097 
103098 
103099 
103100 
103101 
103102 
103103 
103104 
103105 
103106 
103107 
103108 
103109 
103110 
103111 
103112 
103113 
103114 
103115 
103116 
103117 
103118 
103119 
103120 
103121 
103122 
103123 
103124 
103125 
103126 
103127 
103128 
103129 
103130 
103131 
136223 
136224 
136225 
136226 
136227 
136228 
136229 
136265 
136266 
136267 
136268 
136269 
136270 
136271 
136272 
136273 
136274 
136275 
136276 
136277 
136278 
136279 
136280 
136281 
136282 
136283 
136284 
136285 
136300 
136301 
136302 
136303 
136304 
136305 
136306 
136307 
136308 
136309 
136310 
136311 
136312 
136313 
136314 
136315 
136316 
136317 
136318 
136319 
136320 
136321 
136322 
136323 
136324 
136325 
136326 
136327 
136328 
136329 
136330 
136331 
136332 
136333 
136334 
136335 
136336 
136337 
136338 
136339 
136340 
136341 
136342 
136343 
136344 
136345 
136346 
136347 
136348 
136349 
136350 
136351 
136352 
136353 
136354 
136355 
136356 
136357 
136358 
136359 
136360 
136361 
136362 
136363 
136364 
136365 
136366 
136367 
136368 
136369 
136370 
136371 
136372 
136373 
136374 
136375 
136480 
136481 
136482 
136483 
136484 
136485 
136486 
136487 
136488 
136489 
136490 
136491 
136492 
136493 
136494 
136495 
136496 
136497 
136498 
136499 
136500 
136501 
136502 
136503 
136504 
136505 
136506 
136507 
136508 
136509 
136510 
136511 
136512 
136513 
136514 
136515 
136516 
136517 
136518 
136519 
136520 
136521 
136522 
136523 
136524 
136525 
136526 
136527 
136528 
136529 
136530 
136531 
136532 
136533 
136534 
136535 
136536 
136537 
136538 
136539 
136540 
136541 
136542 
136543 
136544 
136545 
136546 
136547 
136548 
136549 
136550 
136551 
136552 
136553 
136554 
136555 
136556 
136557 
136558 
136559 
136560 
136561 
136562 
136563 
136564 
136565 
136566 
136567 
136568 
136569 
136570 
104560 
104561 
104562 
104563 
104564 
104565 
104566 
104567 
104568 
104569 
104570 
104571 
104572 
104573 
104574 
104575 
104582 
104583 
104584 
104585 
104586 
104587 
104588 
104589 
104590 
104591 
104592 
104593 
104594 
104595 
104617 
104618 
104619 
104620 
104621 
104622 
104623 
104624 
104625 
104626 
104627 
104628 
104629 
104630 
104631 
104632 
104633 
104634 
104716 
104717 
104718 
104719 
104720 
104721 
104722 
104723 
104724 
104725 
104726 
104727 
104728 
104729 
104730 
104731 
104732 
104733 
104734 
104735 
104736 
104737 
104738 
104739 
104780 
104781 
104782 
104783 
104784 
104785 
104786 
104787 
104788 
104789 
104790 
104791 
104792 
104793 
104794 
104795 
104796 
104797 
104798 
104799 
104800 
104801 
104802 
104803 
104804 
104819 
104820 
104821 
104822 
104823 
104824 
104825 
104826 
104827 
104828 
104829 
104830 
104831 
104832 
139288 
139289 
139290 
139291 
139292 
139293 
139294 
139295 
139296 
139297 
139298 
139299 
139300 
139301 
139302 
139303 
139304 
139305 
139306 
139307 
139308 
139309 
139310 
139311 
139312 
139313 
139314 
139315 
139316 
139317 
139318 
139319 
139320 
139321 
139322 
139323 
139324 
139325 
139326 
139327 
139328 
139329 
106671 
106672 
106673 
106674 
106675 
106676 
106677 
106678 
106679 
106680 
106681 
106682 
106683 
106684 
106691 
106692 
106693 
106694 
106695 
106696 
106697 
106698 
106699 
106700 
106701 
106702 
106703 
106704 
106705 
106706 
106707 
106708 
106709 
106710 
106711 
106712 
106713 
106714 
106715 
106716 
106717 
106718 
106719 
106720 
106721 
106722 
106723 
106724 
106725 
106726 
106727 
106728 
106729 
139498 
106730 
139499 
106731 
139500 
106732 
139501 
106733 
139502 
106734 
139503 
106735 
139504 
106736 
139505 
106737 
139506 
106738 
139507 
106739 
139508 
106740 
139509 
106741 
139510 
106742 
139511 
106743 
106744 
106745 
106746 
106747 
106748 
106749 
106750 
106751 
106752 
106753 
106754 
106755 
106756 
106757 
106758 
106759 
106760 
106761 
106762 
106763 
106764 
106765 
106766 
106767 
106768 
106769 
106770 
106771 
139540 
106772 
139541 
106773 
139542 
106774 
139543 
106775 
139544 
106776 
139545 
106777 
139546 
106778 
139547 
106779 
139548 
106780 
139549 
106781 
139550 
106782 
139551 
106783 
139552 
106784 
139553 
106785 
139554 
106786 
139555 
106787 
106788 
106789 
106790 
106791 
106792 
106793 
106794 
106795 
106796 
106797 
106798 
106799 
106800 
106801 
106802 
139584 
139585 
139586 
139587 
139588 
139589 
139590 
139591 
139592 
139593 
139594 
139595 
139596 
139597 
139598 
139599 
106831 
106832 
106833 
106834 
106835 
106836 
106837 
106838 
106839 
106861 
106862 
106863 
106864 
106865 
106866 
106867 
106868 
106869 
106870 
106871 
106872 
106873 
106874 
106875 
106876 
106877 
106878 
106879 
106880 
106881 
106882 
106883 
106884 
106885 
106886 
106887 
106888 
106889 
106890 
106903 
106904 
106905 
106906 
106907 
106908 
106909 
106910 
106911 
106912 
106913 
106914 
106915 
106916 
106917 
106918 
106919 
106920 
106921 
106922 
106923 
106924 
106925 
106926 
106927 
106928 
106929 
106930 
106931 
106932 
106933 
106934 
106935 
106936 
106937 
106938 
106939 
106940 
106941 
106942 
106943 
106944 
106945 
106946 
106947 
106948 
106949 
106950 
106951 
106952 
106953 
106954 
106955 
106956 
106957 
106958 
106959 
106960 
106961 
106962 
106963 
106964 
106965 
106966 
106967 
106968 
106969 
106970 
106971 
106972 
106973 
106974 
106975 
106976 
106977 
106978 
106979 
140910 
140911 
140912 
140913 
140914 
140915 
140916 
140917 
140918 
140919 
140920 
140921 
140922 
140923 
140924 
140925 
140926 
140927 
140928 
140929 
140930 
140931 
140932 
140933 
140934 
140935 
140936 
140937 
140952 
140953 
140954 
140955 
140956 
140957 
140958 
140959 
140960 
140961 
140962 
140963 
140964 
140965 
140966 
140967 
140968 
140969 
140970 
140971 
140972 
141218 
141219 
141220 
141221 
141222 
141223 
141224 
141225 
141226 
141227 
141228 
141229 
141230 
141231 
141246 
141247 
141248 
141249 
141250 
141251 
141252 
141253 
141254 
141255 
141256 
141257 
141258 
141259 
141260 
141261 
141262 
141263 
141264 
141265 
141266 
141267 
141268 
141269 
141270 
141271 
141272 
141273 
141274 
141275 
141276 
141277 
141278 
141279 
141280 
141281 
141282 
141283 
141284 
141285 
141286 
141287 
141288 
141289 
141290 
141291 
141292 
141293 
141294 
141295 
141296 
141297 
141298 
141299 
141300 
141301 
141302 
141303 
141304 
141305 
141306 
141307 
141308 
141309 
141310 
141311 
141312 
141313 
141314 
141315 
141316 
141317 
141318 
141319 
141320 
141321 
141322 
141323 
141324 
141325 
141326 
141327 
141328 
141329 
141330 
141331 
141332 
141333 
141334 
141335 
141336 
141337 
141338 
141339 
141340 
141341 
141342 
141343 
141596 
141597 
141598 
141599 
141600 
141601 
141602 
141603 
141604 
141605 
141606 
141607 
141608 
141609 
108885 
108886 
108887 
108888 
108889 
108890 
108891 
108892 
108893 
108894 
108895 
108896 
108897 
108898 
108899 
108900 
108901 
108902 
108903 
108904 
108905 
108906 
108907 
108908 
108909 
108910 
108911 
108912 
108913 
108914 
108915 
108916 
108917 
108918 
108919 
108920 
108921 
108922 
108923 
108924 
108925 
108926 
108927 
108928 
108929 
108930 
108931 
108932 
108933 
108934 
108935 
108936 
108937 
108938 
108939 
108940 
108955 
108956 
108957 
108958 
108959 
108960 
108961 
108962 
108963 
108964 
108965 
108966 
108967 
108968 
108969 
108970 
108971 
108972 
108973 
108974 
108975 
108976 
108977 
108978 
108979 
108980 
108981 
108982 
108983 
108984 
108985 
108986 
108987 
108988 
108989 
108990 
108991 
108992 
108993 
108994 
108995 
108996 
108997 
108998 
108999 
109000 
109001 
109002 
109003 
109004 
109005 
109006 
109007 
109008 
109009 
109010 
141820 
141821 
141822 
141823 
141824 
141825 
141826 
141827 
141828 
141829 
141830 
141831 
141832 
141833 
141834 
141835 
141836 
141837 
141838 
141839 
141840 
141841 
141842 
141843 
141844 
141845 
141846 
141847 
141848 
141849 
141850 
141851 
141852 
141853 
141854 
141855 
141856 
141857 
141858 
141859 
141860 
141861 
141862 
141863 
141864 
141865 
141866 
141867 
141868 
141869 
141870 
141871 
141900 
141901 
141902 
141903 
141904 
141905 
141906 
141907 
141908 
141909 
141910 
141911 
141912 
141913 
141914 
141915 
141916 
141917 
141918 
141919 
141920 
141921 
141922 
141923 
141924 
141925 
141926 
141927 
141942 
141943 
141944 
141945 
141946 
141947 
141948 
141949 
141950 
141951 
141952 
141953 
141954 
141955 
141956 
141957 
141958 
141959 
141960 
141961 
141962 
141963 
141964 
141965 
141966 
141967 
141968 
141969 
141970 
141971 
141972 
141973 
141974 
141975 
141976 
141977 
141978 
141979 
141980 
141981 
141982 
141983 
141984 
141985 
141986 
141987 
141988 
141989 
141990 
141991 
141992 
141993 
141994 
141995 
141996 
141997 
141998 
141999 
142000 
142001 
142002 
142003 
142004 
142005 
142006 
142007 
142008 
142009 
142010 
142011 
142040 
142041 
142042 
142043 
142044 
142045 
142046 
142047 
142048 
142049 
142050 
142051 
142052 
142053 
142054 
142055 
142056 
142057 
142058 
142059 
142060 
142061 
142062 
142063 
142064 
142065 
142066 
142067 
142068 
142069 
142070 
142071 
142072 
142073 
142074 
142075 
142076 
142077 
142078 
142079 
142080 
109312 
142081 
109313 
142082 
109314 
142083 
109315 
142084 
109316 
142085 
109317 
142086 
109318 
142087 
109319 
142088 
109320 
142089 
109321 
142090 
109322 
142091 
109323 
142092 
109324 
142093 
109325 
142094 
109326 
142095 
109327 
142096 
109328 
142097 
109329 
142098 
109330 
142099 
109331 
142100 
109332 
142101 
142102 
142103 
142104 
142105 
142106 
142107 
142108 
142109 
142271 
142272 
142273 
142274 
142275 
142276 
142277 
142278 
142279 
142280 
142281 
142282 
142283 
142284 
109564 
109565 
109566 
109567 
109568 
109569 
109570 
109571 
109572 
109573 
109574 
109575 
109576 
109577 
109578 
109579 
109580 
109581 
109582 
109583 
109584 
109585 
109586 
109587 
109588 
109589 
109590 
109591 
109592 
109593 
142362 
109594 
142363 
109595 
142364 
109596 
142365 
109597 
142366 
109598 
142367 
109599 
142368 
109600 
142369 
109601 
142370 
109602 
142371 
109603 
142372 
109604 
142373 
109605 
142374 
109606 
142375 
109607 
142376 
109608 
142377 
109609 
142378 
109610 
142379 
109611 
142380 
109612 
142381 
109613 
142382 
109614 
142383 
109615 
142384 
109616 
142385 
109617 
142386 
109618 
142387 
109619 
142388 
109620 
142389 
109621 
142390 
109622 
142391 
109623 
142392 
109624 
142393 
109625 
142394 
109626 
142395 
109627 
142396 
109628 
142397 
109629 
142398 
109630 
142399 
109631 
142400 
109632 
142401 
109633 
142402 
109634 
142403 
109635 
142404 
109636 
142405 
109637 
142406 
109638 
142407 
109639 
142408 
109640 
142409 
142410 
142411 
142412 
142413 
142414 
142415 
142416 
142417 
142418 
142419 
142420 
142421 
142422 
142423 
142424 
142425 
142426 
142427 
142428 
142429 
142430 
142431 
142432 
142433 
142434 
142435 
142436 
142437 
142438 
142439 
142440 
142441 
142442 
142443 
142444 
142445 
142446 
142447 
142448 
142449 
142450 
142451 
142452 
142453 
142454 
142455 
142456 
142457 
142458 
142459 
142516 
142517 
142518 
142519 
142520 
142521 
142522 
142523 
142524 
142525 
142526 
142527 
142528 
142529 
142530 
142531 
142532 
142533 
142534 
142535 
142536 
142537 
142538 
142539 
142540 
142541 
142542 
142543 
142831 
142832 
142833 
142834 
142835 
142836 
142837 
142845 
142846 
142847 
142848 
142849 
142850 
142851 
142859 
142860 
142861 
142862 
142863 
142864 
142865 
142866 
142867 
142868 
142869 
142870 
142871 
142872 
142873 
142874 
142875 
142876 
142877 
142878 
142879 
142880 
142881 
142882 
142883 
142884 
142885 
142886 
142887 
142888 
142889 
142890 
142891 
142892 
142893 
142901 
142902 
142903 
142904 
142905 
142906 
142907 
142908 
142909 
142910 
142911 
142912 
142913 
142914 
142915 
142916 
142917 
142918 
142919 
142920 
142921 
142929 
142930 
142931 
142932 
142933 
142934 
142935 
142936 
142937 
142938 
142939 
142940 
142941 
142942 
142943 
142944 
142945 
142946 
142947 
142948 
142949 
110208 
110209 
110210 
110211 
110212 
110213 
110214 
110215 
110216 
110217 
110218 
110219 
110220 
110221 
110222 
110223 
110224 
110225 
110226 
110227 
110228 
110229 
110230 
110231 
110232 
110233 
110234 
110235 
110236 
110237 
110238 
110239 
110240 
110241 
110242 
110243 
110244 
110245 
110246 
110247 
110248 
110249 
110250 
110251 
110252 
110253 
110254 
110255 
110256 
110257 
110258 
110259 
110260 
110261 
110262 
110263 
110264 
110265 
143034 
110266 
143035 
110267 
143036 
110268 
143037 
110269 
143038 
110270 
143039 
110271 
143040 
110272 
143041 
110273 
143042 
110274 
143043 
110275 
143044 
110276 
143045 
110277 
143046 
110278 
143047 
110279 
110280 
110281 
110282 
110283 
110284 
110285 
110286 
143055 
110287 
143056 
110288 
143057 
110289 
143058 
110290 
143059 
110291 
143060 
110292 
143061 
110293 
110294 
110295 
110296 
110297 
110298 
110299 
110300 
143069 
110301 
143070 
110302 
143071 
110303 
143072 
110304 
143073 
110305 
143074 
110306 
143075 
110307 
143076 
110308 
143077 
110309 
143078 
110310 
143079 
110311 
143080 
110312 
143081 
110313 
143082 
110314 
143083 
110315 
143084 
110316 
143085 
110317 
143086 
110318 
143087 
110319 
143088 
110320 
143089 
110321 
110322 
110323 
110324 
110325 
110326 
110327 
110328 
143097 
110329 
143098 
110330 
143099 
110331 
143100 
110332 
143101 
110333 
143102 
110334 
143103 
110335 
110336 
110337 
110338 
110339 
110340 
110341 
110342 
143111 
110343 
143112 
110344 
143113 
110345 
143114 
110346 
143115 
110347 
143116 
110348 
143117 
110349 
110350 
110351 
110352 
110353 
110354 
110355 
110356 
110357 
110358 
110359 
110360 
110361 
110362 
110363 
110364 
110365 
110366 
110367 
110368 
110425 
110426 
110427 
110428 
110429 
110430 
110431 
110432 
110433 
110434 
110435 
110436 
110437 
110438 
110439 
110440 
110441 
110442 
110443 
110444 
110445 
110446 
110447 
110448 
110449 
110450 
110451 
110452 
110453 
110454 
110455 
110456 
110457 
110458 
110459 
110460 
110461 
110462 
110463 
110464 
110465 
110466 
110467 
110468 
110469 
110470 
110471 
110472 
110473 
110474 
110475 
110476 
110477 
110478 
110479 
110480 
110481 
110482 
110483 
110484 
110485 
110486 
110487 
110488 
110489 
110490 
110491 
110492 
110493 
110494 
110495 
110496 
110497 
110498 
110499 
110500 
110501 
110502 
110503 
110504 
110505 
110506 
110507 
110508 
110509 
110510 
110511 
110512 
110513 
110514 
110515 
110516 
110517 
110518 
110519 
110520 
110521 
110522 
110523 
110524 
110525 
110526 
110527 
110528 
110529 
110530 
110531 
110532 
110533 
110534 
110535 
110536 
110537 
110538 
110539 
110540 
110541 
110542 
110543 
110544 
110545 
110546 
110547 
110548 
110549 
110550 
110551 
110552 
110553 
110554 
110555 
110556 
110557 
110558 
110559 
110560 
110561 
110562 
110563 
110564 
110565 
110566 
110567 
110568 
110569 
110570 
110571 
110572 
110573 
110574 
110575 
110576 
110577 
110578 
144840 
144841 
144842 
144843 
144844 
144845 
144846 
144847 
144848 
144849 
144850 
144851 
144852 
144853 
144854 
144855 
144856 
144857 
144858 
144859 
144860 
144861 
144862 
144863 
144864 
144865 
144866 
144867 
144868 
144869 
144870 
144871 
144872 
144873 
144874 
144875 
144876 
144877 
144878 
144879 
144880 
144881 
79566 
79567 
79568 
79569 
79570 
79571 
79572 
79573 
79574 
79575 
79576 
79577 
79578 
79579 
79580 
79589 
79590 
79591 
79592 
79593 
79594 
79595 
79596 
79597 
79598 
79599 
79600 
79601 
79602 
79603 
79604 
79605 
79606 
79614 
79615 
79616 
79617 
79618 
79619 
79620 
79621 
79628 
79629 
79630 
79631 
79632 
79633 
79634 
79635 
79636 
79637 
79638 
79639 
79640 
79641 
79642 
79643 
79644 
79645 
79646 
79647 
79648 
79649 
79650 
79651 
79652 
79653 
79654 
79655 
79656 
79657 
79658 
79659 
79660 
79661 
79662 
79663 
79664 
79665 
79666 
79667 
79668 
79669 
79670 
79671 
79672 
79673 
79674 
79675 
79676 
79677 
79678 
79679 
79680 
79681 
79682 
79683 
79684 
79685 
79686 
79687 
79720 
79721 
79722 
79723 
79724 
79725 
79726 
79727 
79728 
79737 
145274 
79738 
145275 
79739 
145276 
79740 
145277 
79741 
145278 
79742 
145279 
79743 
145280 
79744 
145281 
79745 
145282 
79746 
145283 
79747 
145284 
79748 
145285 
79749 
145286 
79750 
145287 
79751 
145288 
79752 
145289 
79753 
145290 
79754 
145291 
79755 
145292 
79756 
145293 
145294 
145295 
145296 
145297 
145298 
145299 
79763 
145300 
79764 
145301 
79765 
79766 
79767 
79768 
79769 
79770 
79771 
79772 
79773 
79774 
79775 
79776 
79777 
79778 
79779 
79780 
79781 
79782 
79783 
79784 
79785 
79786 
79787 
79788 
79789 
79790 
79791 
79792 
79793 
145330 
145331 
145332 
145333 
145334 
145335 
145336 
145337 
145338 
145339 
145340 
145341 
145342 
145343 
145358 
145359 
145360 
145361 
145362 
145363 
145364 
113071 
113072 
113073 
113074 
113075 
113076 
113077 
113078 
113079 
113080 
113081 
113082 
113083 
113084 
113085 
113086 
113087 
113088 
113089 
113090 
113091 
113092 
113093 
113094 
113095 
113096 
113097 
113098 
113113 
113114 
113115 
113116 
113117 
113118 
113119 
113120 
113121 
113122 
113123 
113124 
113125 
113126 
113127 
113128 
113129 
113130 
113131 
113132 
113133 
113134 
113135 
113136 
113137 
113138 
113139 
113140 
113148 
113149 
113150 
113151 
113152 
113153 
113154 
113155 
113156 
113157 
113158 
113159 
113160 
113161 
113162 
113163 
113164 
113165 
113166 
113167 
113168 
113169 
113170 
113171 
113172 
113173 
113174 
113175 
113176 
113177 
113178 
113179 
113180 
113181 
113182 
113183 
113184 
113185 
113186 
113187 
113188 
113189 
113204 
113205 
113206 
113207 
113208 
113209 
113210 
113211 
113212 
113213 
113214 
113215 
113216 
113217 
113218 
113219 
113220 
113221 
113222 
113223 
113224 
113225 
113226 
113227 
113228 
113229 
113230 
113231 
113232 
113233 
113234 
113235 
113236 
113237 
113238 
113246 
113247 
146016 
113248 
146017 
113249 
146018 
113250 
146019 
113251 
146020 
113252 
146021 
113253 
146022 
113254 
146023 
113255 
146024 
113256 
146025 
113257 
146026 
113258 
146027 
113259 
146028 
113260 
146029 
113261 
146030 
113262 
146031 
113263 
146032 
113264 
146033 
113265 
146034 
113266 
146035 
146036 
146037 
146038 
146039 
146040 
146041 
146042 
113274 
146043 
113275 
146044 
113276 
146045 
113277 
146046 
113278 
146047 
113279 
146048 
113280 
146049 
113281 
146050 
113282 
146051 
113283 
146052 
113284 
146053 
113285 
146054 
113286 
146055 
113287 
146056 
113288 
146057 
113289 
146058 
113290 
146059 
113291 
146060 
113292 
146061 
113293 
146062 
113294 
146063 
113295 
146064 
113296 
146065 
113297 
146066 
113298 
146067 
113299 
146068 
113300 
146069 
113301 
146070 
146071 
113316 
113317 
113318 
113319 
113320 
113321 
113322 
113323 
113324 
113325 
113326 
113327 
113328 
113329 
113330 
113331 
113332 
113333 
113334 
113335 
113336 
113337 
113338 
113339 
113340 
113341 
113342 
113343 
113344 
113345 
113346 
113347 
113348 
113349 
113350 
113351 
113352 
113353 
113354 
113355 
113356 
113357 
113358 
113359 
146128 
113360 
146129 
113361 
146130 
113362 
146131 
113363 
146132 
113364 
146133 
146134 
146135 
146136 
146137 
146138 
146139 
146140 
146141 
146142 
146143 
146144 
146145 
146146 
146147 
113379 
146148 
113380 
146149 
113381 
146150 
113382 
146151 
113383 
146152 
113384 
146153 
113385 
146154 
113386 
146155 
113387 
146156 
113388 
146157 
113389 
146158 
113390 
146159 
113391 
146160 
113392 
146161 
146162 
146163 
146164 
146165 
146166 
146167 
146168 
146169 
146170 
146171 
146172 
146173 
146174 
146175 
113407 
146176 
113408 
146177 
113409 
146178 
113410 
146179 
113411 
146180 
113412 
146181 
113413 
146182 
146183 
146184 
146185 
146186 
146187 
146188 
146189 
146190 
113428 
113429 
113430 
113431 
113432 
113433 
113434 
113652 
113653 
113654 
113655 
113656 
113657 
113658 
113659 
113660 
113661 
113662 
113663 
113664 
113665 
113666 
113667 
113668 
113669 
113670 
113671 
113672 
113673 
113674 
113675 
113676 
113677 
113678 
113679 
113694 
113695 
113696 
113697 
113698 
113699 
113700 
113701 
113702 
113703 
113704 
113705 
113706 
113707 
113708 
113709 
113710 
113711 
113712 
113713 
113714 
113722 
113723 
113724 
113725 
113726 
113727 
113728 
113729 
113730 
113731 
113732 
113733 
113734 
113735 
113736 
113737 
113738 
113739 
113740 
113741 
113742 
113743 
113744 
113745 
113746 
113747 
113748 
113749 
113750 
80982 
113751 
80983 
113752 
80984 
113753 
80985 
113754 
80986 
113755 
80987 
113756 
80988 
113757 
80989 
113758 
80990 
113759 
80991 
113760 
80992 
113761 
80993 
113762 
80994 
113763 
80995 
80996 
80997 
80998 
80999 
81000 
81001 
81002 
81003 
81004 
81005 
81006 
81007 
81008 
81009 
113778 
113779 
113780 
113781 
113782 
113783 
113784 
113785 
113786 
113787 
113788 
113789 
113790 
113791 
113792 
81024 
113793 
81025 
113794 
81026 
113795 
81027 
113796 
81028 
113797 
81029 
113798 
81030 
113799 
81031 
113800 
81032 
113801 
81033 
113802 
81034 
113803 
81035 
113804 
81036 
113805 
81037 
113806 
81038 
113807 
81039 
113808 
81040 
113809 
81041 
113810 
81042 
113811 
81043 
113812 
81044 
113827 
113828 
113829 
113830 
113831 
81063 
113832 
81064 
113833 
81065 
113834 
81066 
113835 
81067 
113836 
81068 
113837 
81069 
113838 
81070 
113839 
81071 
113840 
81072 
113841 
81073 
113842 
81074 
113843 
81075 
113844 
81076 
113845 
81077 
113846 
81078 
113847 
81079 
113848 
81080 
113849 
81081 
113850 
81082 
113851 
81083 
113852 
113853 
113854 
113855 
113856 
113857 
113858 
113859 
81091 
113860 
81092 
113861 
81093 
81094 
81095 
81096 
81097 
81105 
81106 
81107 
113876 
81108 
113877 
81109 
113878 
81110 
113879 
81111 
113880 
81112 
113881 
81113 
113882 
81114 
113883 
81115 
113884 
81116 
113885 
81117 
113886 
81118 
113887 
81119 
113888 
81120 
113889 
81121 
113890 
81122 
113891 
81123 
113892 
81124 
113893 
81125 
113894 
81126 
113895 
81127 
113896 
81128 
113897 
81129 
113898 
81130 
113899 
81131 
113900 
81132 
113901 
113902 
113903 
81140 
81141 
81142 
113911 
81143 
113912 
81144 
113913 
81145 
113914 
81146 
113915 
81147 
113916 
81148 
113917 
81149 
113918 
81150 
113919 
81151 
113920 
81152 
113921 
81153 
113922 
81154 
113923 
81155 
113924 
81156 
81157 
81158 
81159 
81160 
81161 
81162 
81163 
113932 
81164 
113933 
81165 
113934 
113935 
113936 
113937 
113938 
81173 
81174 
81175 
81176 
81177 
113946 
81178 
113947 
81179 
113948 
81180 
113949 
81181 
113950 
81182 
113951 
81183 
113952 
81191 
81192 
81193 
81194 
81202 
81203 
81204 
81205 
81307 
81308 
81309 
81310 
81311 
81312 
81313 
81314 
81315 
81316 
81317 
81318 
81319 
81320 
81321 
81322 
81323 
81324 
81325 
81326 
81327 
81328 
81329 
81330 
81331 
81332 
81333 
81334 
81349 
81350 
81351 
81352 
81353 
81354 
81355 
81356 
81357 
81358 
81359 
81360 
81361 
81362 
81374 
81375 
81376 
81377 
81378 
81379 
81380 
81381 
81382 
81383 
81384 
81385 
81386 
81387 
81395 
81396 
81397 
81398 
81399 
81400 
81401 
81409 
81410 
81411 
81412 
81413 
81414 
81415 
81423 
81424 
81425 
81426 
81427 
81428 
81429 
81430 
81431 
81432 
81433 
81434 
81435 
81436 
81437 
81438 
81439 
81440 
81441 
81442 
81443 
81444 
81445 
81446 
81447 
81448 
81449 
81450 
81451 
81452 
81453 
81461 
81462 
81463 
81464 
147325 
147326 
147327 
147328 
147329 
147330 
147331 
147332 
147333 
147334 
147335 
147336 
147337 
147338 
147353 
147354 
147355 
147356 
147357 
147358 
147359 
147360 
147361 
147362 
147363 
147364 
147365 
147366 
147367 
147368 
147369 
147370 
147371 
147372 
147373 
147374 
147375 
147376 
147377 
147378 
147379 
147380 
147381 
147382 
147383 
147384 
147385 
147386 
147387 
147388 
147389 
147390 
147391 
147392 
147393 
147394 
147395 
147396 
147397 
147398 
147399 
147400 
147401 
147402 
147403 
147404 
147405 
147406 
147407 
147408 
147500 
147501 
147502 
147503 
147504 
147505 
147506 
147507 
147508 
147509 
147510 
147511 
147512 
147513 
147528 
147529 
147530 
147531 
147532 
147533 
147534 
147535 
147536 
147537 
147538 
147539 
147540 
147541 
147542 
147543 
147544 
147545 
147546 
147547 
147548 
147549 
147550 
147551 
147552 
147553 
147554 
147555 
147556 
147557 
147558 
147559 
147560 
147561 
147562 
147563 
147564 
147565 
147566 
147567 
147568 
147569 
83729 
83730 
83731 
83732 
83733 
83734 
83735 
83736 
83737 
83738 
83739 
83740 
83741 
83742 
83743 
83744 
83745 
83746 
83747 
83748 
83749 
83750 
83751 
83752 
83753 
83754 
83755 
83756 
83777 
83778 
83779 
83780 
83781 
83782 
83783 
149320 
83784 
149321 
83785 
149322 
83786 
149323 
83787 
149324 
83788 
149325 
83789 
149326 
83790 
149327 
83791 
149328 
83792 
149329 
83793 
149330 
83794 
149331 
83795 
149332 
83796 
149333 
83797 
149334 
83798 
149335 
83799 
149336 
83800 
149337 
83801 
149338 
83802 
149339 
83803 
149340 
83804 
149341 
83805 
149342 
83806 
149343 
83807 
149344 
83808 
149345 
149346 
149347 
149348 
149349 
149350 
149351 
149352 
83816 
149353 
83817 
149354 
83818 
83819 
83820 
83821 
83822 
83823 
83824 
83825 
83826 
83827 
83828 
83829 
83844 
83845 
83846 
83847 
83848 
83849 
83850 
83851 
83852 
83853 
83854 
83855 
83856 
83857 
83858 
83859 
83860 
83861 
83862 
83863 
83864 
83865 
83866 
83867 
83868 
83869 
83870 
83871 
83872 
83873 
83874 
83875 
83876 
83877 
83878 
83879 
83880 
83881 
83882 
83883 
83884 
83885 
83886 
83887 
83888 
83889 
83890 
83891 
83892 
83893 
83894 
83895 
83896 
83897 
83898 
83899 
83900 
83901 
83902 
149439 
83903 
149440 
83904 
149441 
83905 
149442 
83906 
149443 
83907 
149444 
83908 
149445 
83909 
149446 
83910 
149447 
83911 
149448 
83912 
149449 
83913 
149450 
83914 
149451 
83915 
149452 
83916 
149453 
83917 
149454 
83918 
149455 
83919 
149456 
83920 
149457 
83921 
149458 
83922 
149459 
83923 
149460 
83924 
149461 
83925 
149462 
83926 
149463 
83927 
149464 
83928 
149465 
83929 
149466 
83930 
149467 
83931 
149468 
83932 
149469 
83933 
149470 
83934 
149471 
149472 
149473 
149474 
149475 
149476 
149477 
149478 
149479 
149480 
83991 
83992 
83993 
83994 
83995 
83996 
83997 
83998 
83999 
84000 
84001 
84002 
84003 
84004 
84005 
84006 
84007 
84008 
84009 
84010 
84011 
84032 
84033 
84034 
84035 
84036 
84037 
84038 
84039 
84040 
84041 
84042 
84043 
84044 
84045 
84046 
84047 
84048 
84049 
84050 
84051 
84052 
84053 
84054 
84055 
84056 
84057 
84058 
84059 
84060 
84061 
84062 
84063 
84078 
84079 
84080 
84081 
84082 
84083 
84084 
84085 
84086 
84087 
84088 
84089 
84090 
84091 
84092 
84093 
84094 
84095 
84096 
84097 
84098 
84099 
84100 
84101 
84102 
84103 
84104 
84105 
84106 
84107 
84108 
84109 
84110 
84111 
84112 
84113 
84114 
84115 
85948 
85949 
85950 
85951 
85959 
85960 
85961 
85962 
85963 
85964 
85965 
85966 
85974 
85975 
85976 
85977 
85978 
85979 
85980 
85981 
85982 
85983 
85984 
85985 
85986 
85987 
85988 
85989 
85990 
85991 
85992 
85993 
85994 
85999 
86000 
86001 
86002 
86003 
86004 
86005 
86006 
86007 
86008 
86023 
86024 
86025 
86026 
86027 
86028 
86029 
86030 
86031 
86032 
86033 
86034 
86035 
86036 
86037 
86038 
86039 
86040 
86041 
86042 
86043 
86044 
86045 
86046 
86047 
86048 
86049 
86050 
86051 
86052 
86053 
86054 
86055 
86056 
86057 
86058 
86059 
86060 
86061 
86062 
86063 
86064 
86065 
86066 
86067 
86068 
86069 
86070 
86071 
86072 
86073 
86074 
86075 
86076 
86077 
86078 
86079 
86080 
86081 
86082 
86083 
86084 
86085 
86086 
86087 
86088 
86089 
86090 
86091 
86092 
86093 
86094 
86095 
86096 
86097 
86098 
151707 
151708 
151709 
151710 
151711 
151712 
151713 
151714 
151715 
151716 
151717 
151718 
151719 
151720 
151721 
151722 
151723 
86187 
151724 
86188 
151725 
86189 
151726 
86190 
151727 
86191 
151728 
86192 
151729 
86193 
151730 
86194 
151731 
86195 
151732 
86196 
151733 
86197 
151734 
86198 
151735 
86199 
151736 
86200 
151737 
151738 
151739 
151740 
151741 
151742 
151743 
151744 
151745 
151746 
151747 
151748 
151749 
151750 
151751 
151752 
151753 
151754 
151755 
151756 
151757 
151758 
86222 
151759 
86223 
151760 
86224 
151761 
86225 
151762 
86226 
151763 
86227 
151764 
86228 
151765 
86229 
151766 
86230 
151767 
86231 
151768 
86232 
151769 
86233 
151770 
86234 
151771 
86235 
151772 
86236 
151773 
86237 
151774 
86238 
151775 
151776 
151777 
151778 
151779 
86243 
151780 
86244 
151781 
86245 
151782 
86246 
151783 
86247 
151784 
86248 
151785 
86249 
151786 
86250 
151787 
86251 
151788 
86252 
151789 
151790 
151791 
151792 
151793 
151794 
151795 
151796 
151797 
151798 
151799 
151800 
151801 
151802 
151803 
86267 
151804 
86268 
151805 
86269 
151806 
86270 
151807 
86271 
151808 
86272 
151809 
86273 
151810 
86274 
151811 
86275 
86276 
86277 
86278 
86279 
86280 
86281 
86282 
86283 
86284 
86285 
86286 
86287 
86288 
86289 
86290 
86291 
86292 
86293 
86294 
86295 
86296 
86297 
86298 
86299 
86300 
86301 
86302 
86303 
86304 
86305 
86306 
86307 
86308 
86309 
86310 
86311 
86312 
86313 
86314 
86315 
86316 
86317 
86318 
86319 
86320 
86321 
86322 
119098 
119099 
119100 
119101 
119102 
119103 
119104 
119112 
119113 
119114 
119115 
119116 
119117 
119118 
119119 
119120 
119121 
119122 
119123 
119124 
119125 
119126 
119127 
119128 
119129 
119130 
119131 
119132 
119133 
119134 
119135 
119136 
119137 
119138 
119139 
119140 
119141 
119142 
119143 
119144 
119145 
119146 
119147 
119148 
119149 
119150 
119151 
119152 
119153 
119154 
119155 
119156 
119157 
119158 
119159 
119160 
119189 
119190 
119191 
119192 
119193 
119194 
119195 
119196 
119197 
119198 
119199 
119200 
119201 
119202 
119203 
119204 
119205 
119206 
119207 
119208 
119209 
119210 
119211 
119212 
119213 
119214 
119215 
119216 
119217 
119218 
119219 
119220 
119221 
119222 
119223 
119224 
119225 
151994 
119226 
151995 
119227 
151996 
119228 
151997 
119229 
151998 
119230 
151999 
119231 
152000 
119232 
152001 
119233 
152002 
119234 
152003 
119235 
152004 
119236 
152005 
119237 
152006 
119238 
152007 
119239 
152008 
119240 
152009 
119241 
152010 
119242 
152011 
119243 
152012 
119244 
152013 
119245 
152014 
119246 
152015 
119247 
152016 
119248 
152017 
119249 
152018 
119250 
152019 
119251 
152020 
119252 
152021 
119253 
152022 
119254 
152023 
119255 
152024 
119256 
152025 
119257 
152026 
119258 
152027 
119259 
152028 
119260 
152029 
119261 
152030 
119262 
152031 
119263 
152032 
119264 
152033 
119265 
152034 
119266 
152035 
119267 
152036 
119268 
152037 
119269 
152038 
119270 
152039 
119271 
152040 
119272 
152041 
119273 
152042 
119274 
152043 
119275 
152044 
119276 
152045 
119277 
152046 
119278 
152047 
119279 
152048 
119280 
152049 
119281 
152050 
119282 
152051 
119283 
152052 
119284 
152053 
119285 
152054 
119286 
152055 
119287 
152056 
119288 
152057 
119289 
152058 
119290 
152059 
119291 
152060 
119292 
152061 
119293 
152062 
119294 
152063 
119295 
152064 
119296 
152065 
119297 
152066 
119298 
152067 
119299 
152068 
119300 
152069 
119301 
152070 
119302 
152071 
119303 
152072 
119304 
152073 
119305 
152074 
119306 
152075 
119307 
152076 
119308 
152077 
119309 
152078 
119310 
152079 
119311 
152080 
119312 
152081 
119313 
152082 
119314 
152083 
119315 
152084 
119316 
152085 
119317 
152086 
119318 
152087 
119319 
152088 
119320 
152089 
119321 
152090 
119322 
152091 
119323 
152092 
119324 
152093 
119325 
152094 
119326 
152095 
119327 
152096 
119328 
152097 
119329 
152098 
119330 
119331 
119332 
119333 
119334 
119335 
119336 
119337 
119338 
119339 
119340 
119341 
119342 
119343 
119344 
119345 
119346 
119347 
119348 
119349 
119350 
119351 
119352 
119353 
119354 
119355 
119356 
119357 
119358 
119359 
119360 
119361 
119362 
119363 
119441 
119442 
119443 
119444 
119445 
119446 
119447 
119448 
119449 
119450 
119451 
119452 
119453 
119454 
119455 
119456 
119457 
119458 
119459 
119460 
119461 
119462 
119463 
119464 
119465 
119466 
119467 
119468 
119469 
119470 
119471 
119472 
119473 
119474 
119475 
119476 
119477 
119478 
119479 
119480 
119481 
119482 
119483 
119484 
119485 
119486 
119487 
119488 
119489 
119490 
119491 
119492 
119493 
119494 
119495 
119496 
119497 
119498 
119499 
119500 
119501 
119502 
119503 
119504 
119505 
119506 
119507 
119508 
119509 
119510 
119511 
119512 
119513 
119514 
119515 
119516 
119517 
119518 
119519 
119520 
119521 
119522 
119523 
119524 
119525 
119526 
119527 
119528 
119529 
119530 
119531 
119532 
119533 
119534 
119535 
119536 
119537 
119538 
119539 
119540 
119541 
119542 
119543 
119544 
119545 
119546 
119547 
119548 
119549 
119550 
119551 
119552 
119553 
119554 
119555 
119556 
119557 
119558 
119559 
119560 
119561 
119562 
119563 
119564 
119565 
119566 
154024 
154025 
154026 
154027 
154028 
154029 
154030 
154031 
154032 
154033 
154034 
154035 
154036 
154037 
154073 
154074 
154075 
154076 
154077 
154078 
154079 
154080 
154081 
154082 
154083 
154084 
154085 
154086 
154087 
154088 
154089 
154090 
154091 
154092 
154093 
154094 
154095 
154096 
154097 
154098 
154099 
154100 
154101 
154102 
154103 
154104 
154105 
154106 
154107 
154108 
154109 
154110 
88574 
154111 
88575 
154112 
88576 
154113 
88577 
154114 
88578 
154115 
88579 
154116 
154117 
154118 
154119 
154120 
154121 
154122 
154123 
154124 
154125 
154126 
154127 
154128 
154129 
154130 
88594 
154131 
88595 
154132 
88596 
154133 
88597 
154134 
88598 
154135 
88599 
154136 
88600 
154137 
154138 
154139 
154140 
154141 
154142 
154143 
154144 
88608 
154145 
88609 
154146 
88610 
154147 
154148 
154149 
154150 
154151 
154152 
154153 
88617 
154154 
88618 
154155 
88619 
154156 
88620 
88621 
88622 
88623 
88624 
88625 
88626 
88627 
88628 
88629 
88630 
88631 
88632 
88633 
88634 
88635 
88636 
88637 
88638 
88639 
88640 
88641 
88642 
88643 
88644 
88645 
88646 
88647 
88648 
88649 
88650 
88651 
88652 
88653 
88654 
88655 
88656 
88657 
88658 
88659 
88660 
88661 
88662 
88744 
88745 
88746 
88747 
88748 
88749 
88764 
88765 
88766 
88767 
154304 
88768 
154305 
88769 
154306 
88770 
154307 
88771 
154308 
88772 
154309 
88773 
154310 
88774 
154311 
88775 
154312 
88776 
154313 
88777 
154314 
88778 
154315 
88779 
154316 
88780 
154317 
88787 
88788 
88789 
88790 
88791 
88792 
88793 
88794 
88795 
88796 
88797 
88798 
88799 
88800 
88801 
88802 
88803 
88804 
88805 
88806 
88807 
88808 
88809 
88810 
88811 
88812 
88813 
88814 
154430 
154431 
154432 
154433 
154434 
154435 
154436 
154437 
154438 
154439 
154440 
154441 
154442 
154443 
154444 
154445 
154446 
154447 
154448 
154449 
154450 
154451 
154452 
154453 
154454 
154455 
154456 
154457 
154472 
154473 
154474 
154475 
154476 
154477 
154478 
154479 
154480 
154481 
154482 
154483 
154484 
154485 
154486 
154487 
154488 
154489 
154490 
154491 
154492 
154493 
154494 
154495 
154496 
154497 
154498 
154499 
154500 
154501 
154502 
154503 
154504 
154505 
154506 
154507 
154508 
154509 
154510 
154511 
154512 
154513 
154514 
154515 
154516 
154517 
154518 
154519 
154520 
154521 
154522 
154523 
154524 
154525 
154526 
154527 
154528 
154529 
154530 
154531 
154532 
154533 
154534 
154535 
154536 
154537 
154538 
154539 
154540 
154541 
154542 
154543 
154544 
154545 
154546 
154547 
154548 
154549 
154550 
154551 
154552 
154553 
154554 
154555 
154556 
154557 
154558 
154559 
154560 
154561 
154562 
154563 
154564 
154565 
154566 
154567 
154568 
154569 
154584 
154585 
154586 
154587 
154588 
154589 
154590 
154591 
154592 
154593 
154594 
154595 
154596 
154597 
154598 
154599 
154600 
154601 
154602 
154603 
154604 
154605 
154606 
154607 
154608 
154609 
154610 
154611 
122612 
122613 
122614 
122615 
122616 
122617 
122618 
122619 
122620 
122621 
122622 
122623 
122624 
122625 
122626 
122627 
122628 
122629 
122630 
122631 
122632 
122633 
122634 
122635 
122636 
122637 
122638 
122639 
122640 
122641 
122642 
122643 
122644 
122645 
122646 
122647 
122648 
122649 
122650 
122651 
122652 
122653 
122654 
122655 
122656 
122657 
122658 
122659 
122660 
122661 
122662 
122663 
122664 
122665 
122666 
122667 
122668 
122669 
122670 
122671 
122672 
122673 
122674 
122675 
122676 
122677 
122678 
122679 
122680 
122681 
122682 
122683 
122684 
122685 
122686 
122687 
122688 
122717 
122718 
122719 
122720 
122721 
122722 
122723 
122724 
122725 
122726 
122727 
122728 
122729 
122730 
122731 
122732 
122733 
122734 
122735 
122736 
122737 
122738 
122739 
122740 
122741 
122742 
122743 
122744 
122745 
122746 
122747 
122748 
122749 
122750 
122751 
122752 
122753 
122754 
122755 
122756 
122757 
122758 
122759 
122760 
122761 
122762 
122763 
122764 
122765 
122766 
122767 
122768 
122769 
122770 
122771 
122772 
122773 
122774 
122775 
122776 
122777 
122778 
122779 
122780 
122781 
122782 
122783 
122784 
122785 
122786 
122787 
122788 
122789 
122790 
122791 
122792 
122793 
122794 
122795 
122796 
122797 
122798 
122799 
122800 
122801 
122802 
122803 
122804 
122805 
122806 
122807 
122808 
122809 
122810 
122811 
122812 
122813 
122814 
122836 
122837 
122838 
122839 
122840 
122841 
122842 
122843 
122844 
122845 
122846 
122847 
122848 
122849 
122850 
122851 
122852 
122853 
122854 
122855 
122856 
122857 
122858 
122859 
122860 
122861 
122862 
122863 
122864 
122865 
122866 
122867 
122868 
122869 
122870 
122871 
122872 
122873 
122874 
122875 
122876 
122877 
122885 
122886 
122887 
122888 
122889 
122890 
122891 
122892 
122893 
122894 
122895 
122896 
122897 
122898 
122913 
122914 
122915 
122916 
122917 
122918 
122919 
122920 
122921 
122922 
122923 
122924 
122925 
122926 
122927 
122928 
122929 
122930 
122931 
122932 
122933 
122934 
122935 
122936 
122937 
122938 
122939 
122940 
122941 
122942 
122943 
122944 
122945 
122946 
122947 
122948 
122949 
122950 
122951 
122952 
122953 
122954 
122955 
122956 
122957 
122958 
122959 
122960 
122961 
122962 
122963 
122964 
122965 
122966 
122967 
122968 
122969 
122970 
122971 
122972 
122973 
122974 
122975 
122976 
122977 
122978 
122979 
122980 
122981 
122982 
123004 
123005 
123006 
123007 
123008 
123009 
123010 
123011 
123012 
155781 
123013 
155782 
123014 
155783 
123015 
155784 
123016 
155785 
123017 
155786 
123018 
155787 
123019 
155788 
123020 
155789 
123021 
155790 
123022 
155791 
123023 
155792 
123024 
155793 
123025 
155794 
123026 
155795 
123027 
155796 
123028 
155797 
123029 
155798 
123030 
155799 
123031 
155800 
123032 
155801 
123033 
155802 
123034 
155803 
123035 
155804 
123036 
155805 
123037 
155806 
123038 
155807 
123039 
155808 
123040 
155809 
123041 
155810 
123042 
155811 
123043 
155812 
123044 
155813 
123045 
155814 
123046 
155815 
123047 
155816 
123048 
155817 
123049 
155818 
123050 
155819 
123051 
155820 
123052 
155821 
123053 
155822 
123054 
123055 
123056 
123057 
123058 
123059 
123060 
123061 
123062 
123063 
123064 
123065 
123066 
123067 
123068 
123069 
123070 
123071 
123072 
123073 
123074 
123075 
123076 
123077 
123078 
123079 
123080 
123081 
123082 
123083 
123084 
123085 
123086 
123087 
123088 
123089 
123090 
123091 
123092 
123093 
123094 
155879 
155880 
155881 
155882 
155883 
155884 
123116 
155885 
123117 
155886 
123118 
155887 
123119 
155888 
123120 
155889 
123121 
155890 
123122 
155891 
123123 
155892 
123124 
123125 
123147 
123148 
123149 
123150 
123151 
123152 
123167 
123168 
123169 
123170 
123171 
123172 
90477 
90478 
90479 
90480 
90481 
90482 
90483 
90484 
90485 
90486 
90487 
90488 
90489 
90490 
90491 
90492 
90493 
90494 
90495 
90496 
90497 
90498 
90499 
90500 
90501 
90502 
90503 
90504 
90505 
90506 
90507 
90508 
90509 
90510 
90511 
90512 
90513 
90514 
90515 
90516 
90517 
90518 
90519 
90520 
90535 
90536 
90537 
90538 
90539 
90540 
90541 
90542 
90543 
90544 
90545 
90546 
90547 
90548 
90549 
90550 
90558 
90559 
90560 
90561 
90562 
90563 
90564 
90565 
90566 
90567 
90568 
90569 
90570 
90571 
90572 
90573 
90574 
90575 
90576 
90577 
90578 
90579 
90580 
90581 
90582 
90583 
90584 
90585 
90621 
90622 
90623 
90624 
90625 
90626 
90627 
90628 
90629 
90630 
90631 
90632 
90633 
90634 
123403 
90635 
123404 
90636 
123405 
90637 
123406 
90638 
123407 
90639 
123408 
90640 
123409 
90641 
123410 
90642 
123411 
90643 
123412 
90644 
123413 
90645 
123414 
90646 
123415 
90647 
123416 
90648 
123417 
90649 
123418 
90650 
123419 
90651 
123420 
90652 
123421 
90653 
123422 
90654 
123423 
90655 
123424 
90656 
123425 
90657 
123426 
90658 
123427 
90659 
123428 
90660 
123429 
90661 
123430 
90662 
123431 
90663 
123432 
90664 
123433 
90665 
123434 
90666 
123435 
90667 
123436 
90668 
123437 
90669 
123438 
90670 
123439 
90671 
123440 
90672 
123441 
90673 
123442 
90674 
123443 
90675 
123444 
90676 
123445 
90677 
123446 
90678 
123447 
90679 
123448 
90680 
123449 
90681 
123450 
90682 
123451 
90683 
123452 
90684 
123453 
123454 
123455 
123456 
123457 
123458 
123459 
123460 
123461 
123462 
123463 
123464 
123465 
123466 
123467 
90699 
123468 
90700 
123469 
90701 
123470 
90702 
123471 
90703 
123472 
90704 
90705 
90706 
90707 
90708 
90709 
90710 
90711 
90712 
123494 
123495 
123496 
123497 
123498 
123499 
123500 
123501 
123502 
123503 
123504 
123505 
123506 
123507 
123508 
123509 
123510 
123511 
123512 
123513 
123514 
123515 
123516 
123517 
123518 
123519 
123520 
123521 
123522 
123523 
123524 
123525 
123526 
123527 
123528 
123529 
123530 
123531 
123532 
123533 
123534 
123535 
123536 
123537 
123538 
123539 
123540 
123541 
123542 
123543 
123544 
123545 
123546 
123547 
123548 
123549 
123550 
123551 
123552 
123553 
123554 
123555 
123556 
123557 
123558 
123559 
123560 
123561 
123562 
123563 
123564 
123565 
123566 
123567 
123568 
123569 
123570 
123571 
123572 
123573 
123574 
123575 
123576 
123577 
123578 
123579 
123580 
123581 
123582 
123583 
123584 
123585 
123586 
123587 
123588 
123589 
123590 
123591 
123592 
123593 
123594 
123595 
123596 
123597 
123598 
123599 
123600 
123601 
123602 
123603 
123604 
123605 
90839 
90840 
90841 
90842 
90843 
90844 
123613 
90845 
123614 
90846 
123615 
90847 
123616 
90848 
123617 
90849 
123618 
90850 
123619 
90851 
90852 
90853 
90854 
90855 
90856 
90857 
90858 
90859 
90860 
90861 
90862 
90863 
90864 
90865 
123634 
90866 
123635 
90867 
123636 
90868 
123637 
90869 
123638 
90870 
123639 
90871 
123640 
90872 
123641 
90873 
123642 
90874 
123643 
90875 
123644 
90876 
123645 
90877 
123646 
90878 
123647 
90879 
90880 
90881 
90882 
123655 
123656 
123657 
123658 
123659 
123660 
123661 
123662 
123663 
123664 
123665 
90897 
123666 
90898 
123667 
90899 
123668 
90900 
123669 
90901 
123670 
90902 
123671 
90903 
123672 
90904 
123673 
90905 
123674 
90906 
123675 
90907 
123676 
90908 
123677 
123678 
123679 
123680 
123681 
123682 
123683 
123684 
90916 
123685 
90917 
123686 
90918 
123687 
90919 
123688 
90920 
123689 
90921 
123690 
90922 
123691 
90923 
123692 
90924 
123693 
90925 
123694 
90926 
123695 
90927 
123696 
90928 
123697 
90929 
123698 
90930 
123699 
90931 
123700 
90932 
123701 
90933 
123702 
90934 
123703 
90935 
123704 
90936 
123705 
123706 
123707 
123708 
123709 
123710 
90965 
90966 
90967 
90968 
90969 
90970 
90971 
90972 
90973 
90974 
90975 
90976 
90977 
90978 
90979 
90980 
90981 
90982 
90983 
90984 
90985 
90986 
90987 
90988 
90989 
90990 
90991 
90992 
90993 
90994 
90995 
90996 
90997 
90998 
90999 
91000 
91001 
91002 
91003 
91004 
91005 
91006 
91007 
91008 
91009 
91010 
91011 
91012 
91013 
91014 
91015 
91016 
91017 
91018 
91019 
91020 
91021 
91022 
91023 
91024 
91039 
91040 
91041 
91042 
91043 
91044 
91045 
91046 
91047 
91048 
156754 
156755 
156756 
156757 
156758 
156759 
156760 
156761 
156762 
156763 
156764 
156765 
156766 
156767 
156768 
156769 
156770 
156771 
156772 
156773 
156774 
156775 
156776 
156777 
156778 
156779 
156780 
156781 
156803 
156804 
156805 
156806 
156807 
156808 
156809 
156810 
156811 
156812 
156813 
156814 
156815 
156816 
156817 
156818 
156819 
156820 
156821 
156822 
156823 
156824 
156825 
156826 
156827 
156828 
156829 
156830 
93484 
93485 
93486 
93487 
93488 
93489 
93490 
93491 
93492 
93493 
93494 
93495 
93496 
93497 
93498 
93499 
93500 
93501 
93502 
93503 
93504 
93505 
93506 
93507 
93508 
93509 
93510 
93511 
93512 
93513 
93514 
93515 
93516 
93517 
93518 
93519 
93520 
93521 
93522 
93523 
93524 
93525 
93526 
93527 
93528 
93529 
93530 
93531 
93532 
93533 
93534 
93535 
93536 
93537 
93538 
93539 
93540 
93541 
93542 
93543 
93544 
93545 
93546 
93603 
93604 
93605 
93606 
93607 
93608 
93609 
93610 
93611 
93612 
93613 
93614 
93615 
93616 
93617 
93618 
93619 
93620 
93621 
93622 
93623 
93624 
93625 
93626 
93627 
93628 
93629 
93630 
93631 
93632 
93633 
93634 
93635 
93636 
93637 
93638 
93639 
93640 
93641 
93642 
93643 
93644 
93645 
93646 
93647 
93648 
93649 
93650 
93651 
93652 
93653 
93654 
93655 
93656 
93657 
93658 
93687 
93688 
93689 
93690 
93691 
93692 
93693 
93694 
93695 
93696 
93697 
93698 
93699 
93700 
93701 
93702 
93703 
93704 
93705 
93706 
93707 
93708 
93709 
93710 
93711 
93712 
93713 
93714 
93715 
93716 
93717 
93718 
93719 
93720 
93721 
93722 
93723 
93724 
93725 
93726 
93727 
93728 
93729 
93730 
93731 
93732 
93733 
93734 
93735 
93736 
93737 
93738 
93739 
93740 
93741 
93742 
93743 
93744 
93745 
93746 
93747 
93748 
93749 
93750 
93751 
93752 
93753 
93754 
93755 
93756 
93757 
93758 
93759 
93760 
93761 
93762 
93763 
93764 
93765 
93766 
93767 
93768 
93769 
93770 
93771 
93772 
93773 
93774 
93775 
93776 
93777 
93778 
93779 
93780 
93781 
93782 
93783 
93784 
93785 
93786 
93787 
93788 
93789 
93790 
93791 
93792 
93793 
93794 
93795 
93796 
93797 
93798 
93799 
93800 
93801 
93802 
93803 
93804 
93805 
93806 
93807 
93808 
93809 
93810 
93811 
93812 
93813 
93814 
93815 
93816 
93817 
93818 
93819 
93820 
93821 
93822 
93823 
93824 
93825 
93826 
93827 
93828 
93829 
93830 
93831 
93832 
93833 
93834 
93835 
93836 
93837 
93838 
93839 
93840 
93841 
93842 
93843 
93844 
93845 
93846 
93847 
93848 
93849 
93850 
93851 
93852 
93853 
93854 
93855 
93856 
93857 
93858 
93859 
93860 
93861 
93862 
93863 
93864 
93865 
93866 
93867 
93868 
93869 
93870 
93871 
93872 
93873 
93874 
93875 
93876 
93877 
93878 
93879 
93880 
93881 
93882 
93883 
93884 
93885 
93886 
93887 
93975 
93976 
93977 
93978 
93979 
93980 
93981 
93982 
93983 
93984 
93985 
93986 
93987 
93988 
93989 
93990 
93991 
93992 
93993 
93994 
93995 
93996 
93997 
93998 
93999 
94000 
94001 
94002 
94003 
94004 
94005 
94006 
94007 
94008 
94009 
94010 
94011 
94012 
94013 
94014 
94015 
94016 
94073 
94074 
94075 
94076 
94077 
94078 
94079 
94080 
94081 
94082 
94083 
94084 
94085 
94086 
94087 
94088 
94089 
94090 
94091 
94092 
94093 
94094 
94095 
94096 
94097 
94098 
94099 
94100 
94129 
94130 
94131 
94132 
94133 
94134 
94135 
94136 
94137 
94138 
94139 
94140 
94141 
94142 
94143 
94144 
94145 
94146 
94147 
94148 
94149 
94150 
94151 
94152 
94153 
94154 
94155 
94156 
94157 
94158 
94159 
94160 
94161 
94162 
94163 
94164 
94165 
94166 
94167 
94168 
94169 
94170 
94171 
94172 
94173 
94174 
94175 
94176 
94177 
94178 
94179 
94180 
94181 
94182 
94183 
94184 
94185 
94186 
94187 
94188 
94189 
94190 
94191 
94192 
94193 
94194 
94195 
94196 
94197 
94198 
94199 
94200 
94201 
94202 
94203 
94204 
94205 
94206 
94207 
94208 
94209 
94210 
94211 
94212 
94213 
94214 
94215 
94216 
94217 
94218 
94219 
94220 
94221 
94222 
128929 
128930 
128931 
128932 
128933 
128934 
128935 
128936 
128937 
128938 
128939 
128940 
128941 
128942 
128943 
128944 
128945 
128946 
128947 
128948 
128949 
128950 
128951 
128952 
128953 
128954 
128955 
128956 
128957 
128958 
128959 
128960 
128961 
128962 
128963 
129006 
129007 
129008 
129009 
129010 
129011 
129012 
129013 
129014 
129015 
129016 
129017 
129018 
129019 
129020 
129021 
129022 
129023 
129024 
129025 
129026 
129027 
129028 
129029 
129030 
129031 
129032 
129033 
129034 
129035 
129036 
129037 
129038 
129039 
129040 
129041 
129042 
129043 
129044 
129045 
129046 
129047 
129048 
129049 
129050 
129051 
129052 
129053 
129054 
129055 
129056 
129057 
129058 
129059 
129060 
129061 
129062 
129063 
129064 
129065 
129066 
129067 
129068 
129069 
129070 
129071 
129072 
129073 
129074 
129075 
129076 
129077 
129078 
129079 
129080 
129081 
129082 
129083 
129084 
129085 
129086 
129087 
129088 
129089 
129090 
129091 
129092 
129093 
129094 
129095 
129096 
129097 
129098 
129099 
129100 
129101 
129102 
129103 
129104 
129105 
129106 
129107 
129108 
129109 
129110 
129118 
129119 
129120 
129121 
129122 
129123 
129124 
129132 
129133 
129134 
129135 
129136 
129137 
129138 
129139 
129140 
129141 
129142 
129143 
129144 
129145 
129146 
129147 
129148 
129149 
129150 
129151 
129152 
129153 
129154 
129155 
129156 
129157 
129158 
129159 
129160 
129161 
129162 
129163 
129164 
129165 
129166 
129167 
129168 
129169 
129170 
129171 
129172 
129173 
129174 
129175 
129176 
129177 
129178 
129179 
129180 
129181 
129182 
129183 
129184 
129185 
129186 
129187 
129188 
129189 
129190 
129191 
129192 
129193 
129194 
129195 
129196 
129197 
129198 
129199 
129200 
129201 
129202 
129203 
129204 
129205 
129206 
129207 
129208 
129209 
129210 
129211 
129212 
129213 
129214 
129215 
129216 
129217 
129218 
129219 
129220 
129221 
129222 
129223 
129224 
129225 
129226 
129227 
129228 
129229 
129230 
129231 
129232 
129233 
129234 
129235 
129236 
129237 
129238 
129239 
129240 
129241 
129242 
129243 
129244 
129245 
129246 
129247 
129248 
129249 
129250 
129251 
129252 
129253 
129254 
129255 
129256 
129257 
129258 
129259 
129260 
129261 
129262 
129263 
129264 
129265 
129266 
129267 
129268 
129269 
129270 
129271 
129272 
129273 
129274 
129275 
129276 
129277 
129278 
129279 
129280 
129281 
129282 
129283 
129284 
129285 
129286 
129287 
129288 
129289 
129290 
129291 
129292 
129293 
129294 
129295 
129296 
129297 
129298 
129299 
129300 
129301 
129302 
129303 
129304 
129305 
129306 
129307 
129308 
129309 
129310 
129311 
129312 
129313 
129314 
129315 
129316 
129317 
129318 
129319 
129320 
129321 
129322 
129323 
129324 
129325 
129326 
129327 
129328 
129329 
129330 
129331 
129332 
129333 
129334 
129335 
129336 
129337 
129338 
129339 
129340 
129341 
129342 
129343 
129344 
129345 
129346 
129347 
129348 
129349 
129350 
129351 
129352 
129353 
129354 
129355 
129356 
129357 
129358 
129359 
129360 
129361 
129362 
129363 
129364 
129365 
129366 
129367 
129368 
129369 
129370 
129371 
129372 
129373 
129374 
129375 
129376 
129377 
129378 
129379 
129380 
129381 
129382 
129383 
129384 
129385 
129386 
129387 
129388 
129389 
129390 
129391 
129392 
129393 
129394 
129395 
129396 
129397 
129398 
129399 
129400 
129401 
129402 
129403 
129404 
129405 
129406 
129407 
129408 
129409 
129410 
129411 
129412 
129413 
129414 
129415 
129416 
129417 
129418 
129419 
129420 
129421 
129422 
129423 
129424 
129639 
129640 
129641 
129642 
129643 
129644 
129645 
129646 
129647 
129648 
129649 
129650 
129651 
129652 
129653 
129654 
129655 
129656 
129657 
129658 
129659 
129660 
129661 
129662 
129663 
129664 
129665 
129666 
129709 
129710 
129711 
129712 
129713 
129714 
129715 
129716 
129717 
129718 
129719 
129720 
129721 
129722 
129723 
129724 
129725 
129726 
129727 
129728 
129729 
129730 
129731 
129732 
129733 
129734 
129735 
129736 
129737 
129738 
129739 
129740 
129741 
129742 
129743 
129744 
129745 
129746 
129747 
129748 
129749 
129750 
129751 
129752 
129753 
129754 
129755 
129756 
129757 
129758 
129759 
129760 
129761 
129762 
129763 
129764 
129765 
129766 
129767 
129768 
129769 
129770 
129771 
129772 
129773 
129774 
129775 
129776 
129777 
129778 
129779 
129780 
129781 
129782 
129783 
129784 
129785 
129786 
129787 
129788 
129789 
129790 
129791 
129792 
129793 
129794 
129795 
129796 
129797 
129798 
129799 
129800 
129801 
129802 
129803 
129804 
129805 
129806 
129807 
129808 
129809 
129810 
129811 
129812 
129813 
129814 
129815 
129816 
129817 
129818 
129819 
129820 
129821 
129822 
129823 
129824 
129825 
129826 
129827 
129828 
129829 
129830 
129831 
129832 
129833 
129834 
129835 
129836 
129837 
129838 
129839 
129840 
129841 
129842 
129843 
129844 
129845 
129846 
129847 
129848 
129849 
129850 
129851 
129852 
129853 
129854 
129855 
129856 
129857 
129858 
129859 
129860 
129861 
129862 
129863 
129864 
129865 
129866 
129867 
129868 
129869 
129870 
129871 
129872 
129873 
129874 
129875 
129876 
97210 
97211 
97212 
97213 
97214 
97215 
97216 
97217 
97218 
97219 
97220 
97221 
97222 
97223 
97231 
97232 
97233 
97234 
97235 
97236 
97237 
97238 
97246 
97247 
97248 
97249 
97250 
97251 
97252 
97253 
97254 
97255 
97256 
97257 
97258 
97259 
97260 
97261 
97262 
97263 
97264 
97265 
97266 
97267 
97268 
97269 
97270 
97271 
97272 
97273 
97274 
97275 
97276 
97277 
97278 
97279 
97280 
97288 
97289 
97290 
97291 
97292 
97293 
97294 
97295 
97296 
97297 
97298 
97299 
97300 
97301 
97302 
97303 
97304 
97305 
97306 
97307 
97308 
97309 
97310 
97311 
97312 
97313 
97314 
97315 
97610 
97611 
97612 
97613 
97614 
97615 
97616 
97631 
97632 
97633 
97634 
97635 
97636 
97637 
97638 
97639 
97640 
97641 
97642 
97643 
97644 
97645 
97646 
97647 
97648 
97649 
97650 
97651 
97652 
97653 
97654 
97655 
97656 
97657 
97658 
97659 
97660 
97661 
97662 
97663 
97664 
97665 
97666 
97667 
97668 
97669 
97670 
97671 
97672 
97673 
97674 
97675 
97676 
97677 
97678 
97679 
97680 
97681 
97682 
97683 
97684 
97685 
97686 
97694 
97695 
97696 
97697 
97698 
97699 
97700 
97877 
97878 
97879 
97880 
97881 
97882 
97883 
97884 
97885 
97886 
97887 
97894 
97895 
97896 
97897 
97898 
97899 
97900 
97901 
97902 
97903 
97904 
97905 
97906 
97907 
97908 
97909 
97910 
97911 
97912 
97913 
97914 
97915 
97916 
97917 
97918 
97919 
97920 
97921 
97922 
97923 
97931 
97932 
97933 
97934 
97935 
97936 
97943 
97944 
97945 
97946 
97947 
97948 
97949 
97950 
97951 
97952 
97953 
97954 
97955 
97956 
97957 
97958 
97959 
97960 
97961 
97962 
97963 
97964 
97965 
97966 
97967 
97968 
97969 
97970 
98240 
98241 
98242 
98243 
98244 
98245 
98246 
98261 
98262 
98263 
98264 
98265 
98266 
98267 
98275 
98276 
98277 
98278 
98279 
98280 
98281 
98282 
98283 
98284 
98285 
98286 
98287 
98288 
98289 
98290 
98291 
98292 
)

// ************************************************************************* //
